a:0
aa:0
ab:176
ac:8050
ad:20347
ae:29169
af:31770
ag:34929
ah:39851
ai:40117
aj:42808
ak:42888
al:43109
am:55624
an:64151
ao:93498
ap:93651
aq:102974
ar:103856
as:115798
at:124940
au:129819
av:137898
aw:140230
ax:141189
ay:142030
az:142251
b:143017
ba:143017
bb:-1
bc:-1
bd:167703
be:167726
bf:-1
bg:-1
bh:190297
bi:190584
bj:-1
bk:-1
bl:207157
bm:-1
bn:-1
bo:219586
bp:-1
bq:-1
br:236854
bs:-1
bt:-1
bu:253528
bv:-1
bw:267589
bx:-1
by:267606
bz:-1
c:268268
ca:268268
cb:-1
cc:-1
cd:-1
ce:308130
cf:-1
cg:-1
ch:315654
ci:345944
cj:-1
ck:-1
cl:352617
cm:-1
cn:365366
co:365417
cp:-1
cq:-1
cr:456482
cs:475198
ct:475220
cu:475317
cv:-1
cw:485454
cx:-1
cy:485475
cz:491407
d:491639
da:491639
db:-1
dc:-1
dd:-1
de:500159
df:-1
dg:-1
dh:553699
di:554144
dj:599821
dk:-1
dl:-1
dm:-1
dn:599997
do:600003
dp:-1
dq:-1
dr:614055
ds:622855
dt:-1
du:622868
dv:-1
dw:629242
dx:-1
dy:629711
dz:631821
e:631870
ea:631874
eb:634368
ec:634692
ed:638571
ee:640165
ef:640445
eg:642121
eh:643346
ei:643394
ej:644145
ek:644435
el:644588
em:653042
en:661198
eo:680542
ep:680871
eq:686896
er:688933
es:692596
et:696857
eu:700360
ev:703732
ew:706984
ex:707043
ey:727927
ez:-1
f:729200
fa:729200
fb:-1
fc:-1
fd:-1
fe:742473
ff:-1
fg:-1
fh:-1
fi:752661
fj:765272
fk:-1
fl:765316
fm:-1
fn:-1
fo:780839
fp:-1
fq:-1
fr:797691
fs:-1
ft:-1
fu:809677
fv:-1
fw:-1
fx:-1
fy:817182
fz:-1
g:817292
ga:817292
gb:-1
gc:-1
gd:-1
ge:831426
gf:-1
gg:-1
gh:841269
gi:842165
gj:846402
gk:-1
gl:846436
gm:-1
gn:855739
go:856483
gp:-1
gq:-1
gr:864696
gs:-1
gt:-1
gu:881702
gv:-1
gw:888330
gx:-1
gy:888378
gz:-1
h:890336
ha:890336
hb:-1
hc:-1
hd:-1
he:910142
hf:-1
hg:-1
hh:-1
hi:929702
hj:-1
hk:-1
hl:-1
hm:936313
hn:-1
ho:936331
hp:-1
hq:-1
hr:955048
hs:-1
ht:955109
hu:955116
hv:-1
hw:960478
hx:-1
hy:960500
hz:-1
i:976214
ia:976214
ib:976356
ic:976471
id:978160
ie:-1
if:980443
ig:980535
ih:981386
ii:-1
ij:-1
ik:981403
il:981469
im:983750
in:999786
io:1066294
ip:1067300
iq:-1
ir:1067434
is:1072133
it:1076035
iu:-1
iv:1077059
iw:1077204
ix:1077217
iy:-1
iz:1077293
j:1077352
ja:1077352
jb:-1
jc:-1
jd:-1
je:1082582
jf:-1
jg:-1
jh:1085292
ji:1085309
jj:-1
jk:-1
jl:-1
jm:-1
jn:1087082
jo:1087099
jp:-1
jq:-1
jr:-1
js:-1
jt:-1
ju:1090828
jv:-1
jw:-1
jx:-1
jy:1094980
jz:-1
k:1094996
ka:1094996
kb:1099350
kc:-1
kd:-1
ke:1099365
kf:-1
kg:1103806
kh:1103815
ki:1104339
kj:-1
kk:-1
kl:1110337
km:-1
kn:1111072
ko:1113935
kp:-1
kq:-1
kr:1115584
ks:1116352
kt:-1
ku:1116367
kv:1117174
kw:1117347
kx:-1
ky:1117431
kz:-1
l:1118041
la:1118041
lb:-1
lc:-1
ld:-1
le:1135472
lf:-1
lg:-1
lh:-1
li:1147265
lj:-1
lk:-1
ll:1163193
lm:-1
ln:-1
lo:1163227
lp:-1
lq:-1
lr:-1
ls:1175289
lt:-1
lu:1175295
lv:-1
lw:1180999
lx:-1
ly:1181014
lz:-1
m:1183483
ma:1183483
mb:1215145
mc:-1
md:-1
me:1215185
mf:-1
mg:-1
mh:1238618
mi:1238639
mj:-1
mk:-1
ml:-1
mm:1275962
mn:1275973
mo:1276041
mp:1299372
mq:-1
mr:1299380
ms:-1
mt:-1
mu:1299428
mv:-1
mw:1313878
mx:-1
my:1313885
mz:1317977
n:1318001
na:1318001
nb:-1
nc:-1
nd:-1
ne:1325497
nf:-1
ng:1339428
nh:-1
ni:1339476
nj:-1
nk:-1
nl:-1
nm:-1
nn:-1
no:1344995
np:-1
nq:-1
nr:-1
ns:-1
nt:1377485
nu:1377491
nv:-1
nw:-1
nx:-1
ny:1381978
nz:-1
o:1382535
oa:1382535
ob:1383109
oc:1388431
od:1391194
oe:1392185
of:1392663
og:1394124
oh:1394448
oi:1394577
oj:-1
ok:1395195
ol:1395340
om:1397213
on:1398479
oo:1400163
op:1401175
oq:1405686
or:1405707
os:1412717
ot:1415767
ou:1416767
ov:1435137
ow:1461869
ox:1462202
oy:1463942
oz:1464142
p:1464537
pa:1464537
pb:-1
pc:-1
pd:-1
pe:1497960
pf:1524511
pg:-1
ph:1524557
pi:1543102
pj:-1
pk:-1
pl:1557237
pm:-1
pn:1570566
po:1571028
pp:-1
pq:-1
pr:1597727
ps:1652489
pt:1657754
pu:1658344
pv:-1
pw:-1
px:-1
py:1668858
pz:1672259
q:1672267
qa:1672267
qb:-1
qc:-1
qd:-1
qe:-1
qf:-1
qg:-1
qh:-1
qi:1672444
qj:-1
qk:-1
ql:-1
qm:-1
qn:-1
qo:1672584
qp:-1
qq:-1
qr:-1
qs:-1
qt:-1
qu:1672599
qv:-1
qw:1683219
qx:-1
qy:-1
qz:-1
r:1683238
ra:1683238
rb:-1
rc:-1
rd:-1
re:1699536
rf:-1
rg:-1
rh:1791321
ri:1794421
rj:-1
rk:-1
rl:-1
rm:-1
rn:1802207
ro:1802213
rp:-1
rq:-1
rr:-1
rs:-1
rt:-1
ru:1813647
rv:-1
rw:-1
rx:-1
ry:1820117
rz:-1
s:1820290
sa:1820290
sb:1840862
sc:1840871
sd:1860548
se:1860556
sf:1885980
sg:1886080
sh:1886104
si:1905905
sj:1918147
sk:1918200
sl:1923963
sm:1932936
sn:1936939
so:1943707
sp:1959690
sq:1982139
sr:1985610
ss:-1
st:1985663
su:2020340
sv:2061635
sw:2061747
sx:-1
sy:2068159
sz:-1
t:2076569
ta:2076569
tb:-1
tc:2091211
td:-1
te:2091245
tf:-1
tg:-1
th:2110660
ti:2126393
tj:2134384
tk:-1
tl:-1
tm:2134395
tn:-1
to:2134413
tp:-1
tq:-1
tr:2148278
ts:2179319
tt:-1
tu:2179914
tv:-1
tw:2187130
tx:-1
ty:2189817
tz:2192158
u:2192512
ua:2192512
ub:2192531
uc:-1
ud:2192693
ue:2192808
uf:2192821
ug:2192894
uh:2193092
ui:2193114
uj:2193187
uk:2193196
ul:2193268
um:2197263
un:2198322
uo:-1
up:2256469
uq:-1
ur:2261939
us:2264833
ut:2265665
uu:-1
uv:2266436
uw:-1
ux:2266637
uy:-1
uz:-1
v:2266740
va:2266740
vb:-1
vc:-1
vd:-1
ve:2275257
vf:-1
vg:-1
vh:-1
vi:2284962
vj:-1
vk:-1
vl:2296597
vm:-1
vn:-1
vo:2296683
vp:-1
vq:-1
vr:2301767
vs:-1
vt:-1
vu:2301867
vv:-1
vw:-1
vx:-1
vy:2303082
vz:-1
w:2303100
wa:2303100
wb:-1
wc:-1
wd:-1
we:2315923
wf:-1
wg:-1
wh:2322370
wi:2330013
wj:-1
wk:-1
wl:-1
wm:-1
wn:-1
wo:2339686
wp:-1
wq:-1
wr:2347605
ws:-1
wt:-1
wu:2349971
wv:-1
ww:-1
wx:-1
wy:2350274
wz:-1
x:2350494
xa:2350498
xb:-1
xc:-1
xd:-1
xe:2350741
xf:-1
xg:-1
xh:-1
xi:2351789
xj:-1
xk:-1
xl:-1
xm:-1
xn:-1
xo:2351850
xp:-1
xq:-1
xr:2351859
xs:-1
xt:-1
xu:2351866
xv:-1
xw:-1
xx:-1
xy:2351871
xz:-1
y:2352420
ya:2352420
yb:2354586
yc:2354628
yd:2354663
ye:2354679
yf:2356463
yg:2356471
yh:-1
yi:2356484
yj:-1
yk:-1
yl:2356833
ym:2356863
yn:2356893
yo:2356902
yp:2358638
yq:-1
yr:2358677
ys:2358709
yt:2358717
yu:2358845
yv:-1
yw:2359557
yx:-1
yy:-1
yz:-1
z:2359573
za:2359573
zb:-1
zc:-1
zd:-1
ze:2360659
zf:-1
zg:-1
zh:2361960
zi:2361981
zj:-1
zk:-1
zl:2363533
zm:-1
zn:-1
zo:2363578
zp:-1
zq:-1
zr:-1
zs:-1
zt:-1
zu:2365935
zv:-1
zw:2366103
zx:-1
zy:2366168
zz:2366859
A:0
AA:0
AB:176
AC:8050
AD:20347
AE:29169
AF:31770
AG:34929
AH:39851
AI:40117
AJ:42808
AK:42888
AL:43109
AM:55624
AN:64151
AO:93498
AP:93651
AQ:102974
AR:103856
AS:115798
AT:124940
AU:129819
AV:137898
AW:140230
AX:141189
AY:142030
AZ:142251
B:143017
BA:143017
BB:-1
BC:-1
BD:167703
BE:167726
BF:-1
BG:-1
BH:190297
BI:190584
BJ:-1
BK:-1
BL:207157
BM:-1
BN:-1
BO:219586
BP:-1
BQ:-1
BR:236854
BS:-1
BT:-1
BU:253528
BV:-1
BW:267589
BX:-1
BY:267606
BZ:-1
C:268268
CA:268268
CB:-1
CC:-1
CD:-1
CE:308130
CF:-1
CG:-1
CH:315654
CI:345944
CJ:-1
CK:-1
CL:352617
CM:-1
CN:365366
CO:365417
CP:-1
CQ:-1
CR:456482
CS:475198
CT:475220
CU:475317
CV:-1
CW:485454
CX:-1
CY:485475
CZ:491407
D:491639
DA:491639
DB:-1
DC:-1
DD:-1
DE:500159
DF:-1
DG:-1
DH:553699
DI:554144
DJ:599821
DK:-1
DL:-1
DM:-1
DN:599997
DO:600003
DP:-1
DQ:-1
DR:614055
DS:622855
DT:-1
DU:622868
DV:-1
DW:629242
DX:-1
DY:629711
DZ:631821
E:631870
EA:631874
EB:634368
EC:634692
ED:638571
EE:640165
EF:640445
EG:642121
EH:643346
EI:643394
EJ:644145
EK:644435
EL:644588
EM:653042
EN:661198
EO:680542
EP:680871
EQ:686896
ER:688933
ES:692596
ET:696857
EU:700360
EV:703732
EW:706984
EX:707043
EY:727927
EZ:-1
F:729200
FA:729200
FB:-1
FC:-1
FD:-1
FE:742473
FF:-1
FG:-1
FH:-1
FI:752661
FJ:765272
FK:-1
FL:765316
FM:-1
FN:-1
FO:780839
FP:-1
FQ:-1
FR:797691
FS:-1
FT:-1
FU:809677
FV:-1
FW:-1
FX:-1
FY:817182
FZ:-1
G:817292
GA:817292
GB:-1
GC:-1
GD:-1
GE:831426
GF:-1
GG:-1
GH:841269
GI:842165
GJ:846402
GK:-1
GL:846436
GM:-1
GN:855739
GO:856483
GP:-1
GQ:-1
GR:864696
GS:-1
GT:-1
GU:881702
GV:-1
GW:888330
GX:-1
GY:888378
GZ:-1
H:890336
HA:890336
HB:-1
HC:-1
HD:-1
HE:910142
HF:-1
HG:-1
HH:-1
HI:929702
HJ:-1
HK:-1
HL:-1
HM:936313
HN:-1
HO:936331
HP:-1
HQ:-1
HR:955048
HS:-1
HT:955109
HU:955116
HV:-1
HW:960478
HX:-1
HY:960500
HZ:-1
I:976214
IA:976214
IB:976356
IC:976471
ID:978160
IE:-1
IF:980443
IG:980535
IH:981386
II:-1
IJ:-1
IK:981403
IL:981469
IM:983750
IN:999786
IO:1066294
IP:1067300
IQ:-1
IR:1067434
IS:1072133
IT:1076035
IU:-1
IV:1077059
IW:1077204
IX:1077217
IY:-1
IZ:1077293
J:1077352
JA:1077352
JB:-1
JC:-1
JD:-1
JE:1082582
JF:-1
